Starting run 0.
12
0 0
12
0 1
14
0 2
14
0 3
14
0 4
15
0 5
16
0 6
16
0 7
17
0 8
17
0 9
18
0 10
18
0 11
20
1 11
20
1 9
21
1 10
22
2 10
22
2 11
23
2 8
23
2 9
23
2 10
23
2 11
23
2 8
25
3 8
25
3 9
27
3 10
29
3 11
29
4 11
30
5 11
30
8 11
30
9 11
31
6 11
33
6 9
34
7 9
36
7 8
38
4 8
39
4 5
40
4 6
42
4 3
43
4 4
45
3 4
45
3 5
46
3 7
48
2 7
48
2 4
50
1 4
51
1 3
51
2 3
52
3 3
53
3 1
54
2 1
55
2 0
56
1 0
56
4 0
57
4 1
58
4 2
59
5 2
60
5 1
60
5 0
61
6 0
62
6 1
63
7 1
64
7 2
65
7 0
66
8 0
66
8 1
66
8 0
67
9 0
68
9 1
69
9 2
70
10 2
70
10 1
70
10 2
70
10 0
73
11 0
74
11 3
76
8 3
SENDING RESET!!!!!!!!!!!!!!!!!!!!!!!!!!!!!!
