8
12
12
14
14
14
15
16
16
17
17
18
18
20
20
22
22
22
23
23
25
25
27
29
29
30
31
31
32
32
32
34
35
35
37
39
40
40
42
42
42
42
42
42
43
44
45
46
48
49
50
52
52
53
55
56
57
58
60
61
61
61
62
62
63
64
65
65
67
67
67
67
68
69
70
70
70
71
71
71
71
71
71
71
71
71
73
73
75
75
77
78
78
79
79
79
79
79
79
80
80
80
80
80
80
80
80
80
80
80
81
81
82
82
84
85
86
87
88
89
89
90
91
91
92
92
92
92
92
92
92
92
92
93
94
94
95
95
95
95
95
95
95
95
95
95
95
95
96
96
97
97
97
97
97
97
97
97
97
97
97
97
97
97
98
99
99
99
